       N       E                     dE             d eps       ncg     rms          rms(c)
DAV:   1     0.156069602718E+03    0.15607E+03   -0.11867E+04  8640   0.504E+02
DAV:   2    -0.317131117701E+02   -0.18778E+03   -0.17432E+03 10792   0.144E+02
DAV:   3    -0.444577645916E+02   -0.12745E+02   -0.12527E+02 10648   0.353E+01
DAV:   4    -0.446624190764E+02   -0.20465E+00   -0.20453E+00 10688   0.489E+00
DAV:   5    -0.446679852024E+02   -0.55661E-02   -0.55659E-02 11144   0.765E-01
RMM:   6    -0.446681989371E+02   -0.21373E-03   -0.21373E-03  8969   0.146E-01
RMM:   7    -0.446682219640E+02   -0.23027E-04   -0.22585E-04 13451   0.413E-02
RMM:   8    -0.446682220566E+02   -0.92670E-07   -0.78863E-07  8073   0.216E-03
   1 F= -.46360398E+02 E0= -.46360398E+02  d E =-.903683E-12
